500 1767
0 446
0 246
0 142
0 474
0 498
0 126
0 358
1 179
1 235
1 424
1 386
1 76
1 399
1 377
1 418
2 116
2 289
2 128
2 362
2 258
2 180
2 235
2 468
2 108
2 104
3 202
3 470
3 53
3 193
3 414
3 367
4 395
4 306
4 73
4 52
4 20
4 418
5 416
5 391
5 162
5 438
5 318
5 113
5 281
5 14
5 141
6 112
6 277
6 206
6 467
6 493
6 78
6 227
7 151
7 64
7 83
8 175
8 240
8 63
8 36
8 233
9 260
9 374
9 47
9 223
9 304
9 34
10 135
10 325
10 317
10 469
10 20
11 421
11 47
11 53
11 450
11 211
11 15
12 146
12 397
12 93
12 292
12 85
12 84
12 355
12 79
13 151
13 163
13 489
13 422
13 371
13 264
13 387
14 148
14 277
14 166
14 168
14 262
14 41
15 163
15 370
15 318
15 448
15 244
15 345
15 413
15 447
15 306
15 273
15 408
15 226
16 200
16 298
16 260
16 118
16 492
17 347
17 293
17 181
17 49
17 131
17 162
17 438
17 24
18 214
18 78
18 232
19 284
19 370
19 86
19 172
19 278
20 146
20 372
20 273
20 172
20 90
20 341
20 216
20 343
20 354
20 62
20 416
21 151
21 168
21 245
21 155
22 259
22 417
22 424
22 49
22 371
23 265
23 421
23 186
23 273
24 113
24 245
24 96
24 97
24 465
24 357
25 295
25 425
25 214
25 379
25 196
25 318
26 49
26 259
26 439
26 79
26 155
26 208
26 397
26 158
26 314
26 255
27 395
27 256
27 370
27 247
27 498
28 113
28 381
28 330
28 311
28 400
28 211
28 497
29 55
29 446
29 157
29 356
29 245
29 154
29 460
30 158
30 77
30 313
30 260
30 465
30 263
30 327
30 196
30 241
31 455
31 193
31 220
31 433
31 44
31 212
31 82
31 379
31 459
32 421
32 434
32 144
33 90
33 116
33 205
33 413
34 69
34 466
35 432
35 443
35 486
35 182
35 99
35 398
36 287
36 329
36 253
36 150
36 83
36 488
36 298
36 407
37 160
37 370
37 410
37 193
37 153
37 158
37 389
37 363
37 364
38 404
38 425
38 440
38 329
38 102
39 382
39 79
39 397
39 292
39 333
39 226
39 110
39 393
39 322
39 179
39 264
39 387
39 239
39 173
40 349
40 321
40 340
40 372
40 224
41 163
41 286
41 479
42 445
42 283
42 397
42 443
42 68
43 164
43 105
43 370
43 326
43 344
43 406
43 157
43 385
43 98
43 69
43 68
43 359
43 309
43 215
44 445
44 292
44 155
44 393
44 195
44 459
44 417
44 52
44 496
45 363
45 51
45 448
45 91
45 122
45 480
45 153
45 111
45 429
45 102
45 482
45 407
45 61
46 102
46 61
46 396
47 335
47 419
47 298
47 182
48 297
48 443
48 247
48 270
48 315
49 60
49 177
49 113
49 401
49 84
49 105
49 375
49 132
49 51
50 415
50 471
50 264
50 431
51 340
51 435
51 223
52 419
52 467
52 227
52 323
53 397
53 416
53 318
53 72
53 123
53 144
53 293
53 436
53 226
53 186
53 454
53 97
53 462
54 100
54 228
54 134
54 433
54 393
54 480
54 125
54 158
54 398
55 456
55 271
55 303
55 183
55 481
55 280
55 375
55 196
55 308
56 387
56 442
56 192
57 263
57 395
57 278
57 61
57 389
57 369
57 109
57 310
58 460
58 438
58 101
58 200
58 464
59 427
59 370
59 169
59 491
59 361
59 417
59 338
59 225
59 121
60 284
60 211
60 235
60 224
60 386
60 154
60 244
60 458
60 263
60 485
60 182
61 341
62 415
62 303
62 71
62 355
63 359
63 104
63 213
64 148
64 342
64 202
64 301
64 69
64 236
65 455
65 334
65 223
65 208
65 143
65 431
65 483
66 295
66 82
66 99
67 362
67 143
67 482
68 245
68 157
68 325
68 99
68 408
68 139
68 209
68 400
68 464
68 350
68 490
68 349
69 140
69 211
69 444
70 170
70 423
70 280
70 158
70 303
71 155
71 76
71 257
71 129
71 252
72 151
72 157
72 221
72 234
72 243
72 429
72 261
73 415
73 322
73 430
73 214
73 465
73 227
73 107
74 443
74 235
74 113
74 403
74 398
74 104
75 108
75 113
75 331
75 272
75 469
75 394
76 344
76 253
76 252
76 308
76 363
76 249
76 418
76 396
76 495
76 231
76 384
77 427
77 361
77 461
77 94
77 237
77 356
78 342
78 151
78 189
79 151
79 239
79 204
79 173
79 185
79 395
79 256
80 375
80 289
80 172
80 263
80 434
80 293
80 150
80 196
80 216
81 170
81 140
81 152
81 408
81 251
81 183
81 496
81 308
81 150
81 329
81 187
82 275
82 359
82 301
82 252
82 470
82 345
82 450
83 263
83 234
83 427
83 160
83 484
83 426
83 255
84 276
84 291
84 387
84 450
84 211
85 260
85 373
85 315
85 376
85 481
85 365
85 406
85 178
85 474
85 439
86 212
86 213
86 437
86 483
87 284
87 432
87 322
87 261
87 435
87 447
87 194
87 192
88 346
88 280
88 318
88 387
88 309
89 279
89 256
89 339
90 377
90 131
91 295
91 124
92 185
92 94
92 430
93 279
93 287
93 367
94 449
94 176
94 134
94 193
94 468
94 249
94 326
94 383
94 114
95 371
95 498
95 132
95 298
95 318
95 347
96 264
96 182
96 484
96 438
96 180
96 368
96 225
97 143
97 355
97 247
97 188
97 214
97 450
97 238
98 256
98 350
98 443
98 110
99 260
99 262
99 346
100 402
100 112
101 473
101 493
101 460
101 335
101 467
101 278
101 309
101 204
101 122
101 353
101 253
102 260
102 489
102 193
102 165
102 381
103 143
103 279
103 170
103 255
104 355
104 391
104 338
104 233
104 422
104 265
105 188
105 302
105 224
105 273
105 494
105 230
105 365
105 350
105 211
106 168
106 245
106 432
106 228
106 162
106 292
107 160
107 324
107 299
108 248
109 403
109 242
109 182
110 332
110 243
110 260
110 241
111 113
111 287
111 222
111 127
111 219
112 168
112 364
112 432
112 137
112 357
112 126
112 191
112 459
112 313
112 233
112 401
112 241
113 411
113 167
113 450
113 234
113 336
113 408
113 306
113 362
113 368
113 323
114 431
114 354
114 383
114 351
114 280
114 493
114 222
114 338
114 417
115 265
115 297
115 374
115 337
115 304
116 277
116 285
116 155
116 447
117 163
117 369
117 491
117 306
117 411
118 297
118 201
118 426
118 217
119 449
119 266
119 426
119 228
119 214
120 375
120 174
120 415
120 309
121 263
121 266
121 340
122 175
122 268
122 483
122 399
123 243
123 161
124 339
124 125
124 485
124 239
125 145
125 131
125 167
125 445
125 286
125 354
125 490
126 376
126 176
126 219
127 468
127 275
127 451
127 338
128 432
128 452
129 142
129 499
129 287
129 323
129 281
129 286
129 198
129 373
129 233
130 165
130 381
130 420
130 156
130 436
130 371
130 285
130 304
130 173
131 143
131 333
131 355
131 255
132 336
132 371
132 201
133 151
133 183
133 494
133 386
133 457
133 481
133 460
134 205
134 395
134 239
135 177
135 166
135 180
136 143
136 141
136 303
137 402
137 325
138 277
138 432
138 312
138 176
138 467
139 164
139 222
139 158
140 163
140 337
140 160
140 327
140 264
140 193
141 314
141 228
141 365
141 322
141 356
141 370
141 169
141 359
142 380
142 485
142 475
142 296
143 437
143 253
143 358
143 229
143 265
143 423
143 280
143 233
144 395
144 409
144 377
145 198
145 365
145 319
145 490
145 269
145 150
145 166
145 278
145 343
145 281
145 298
146 186
146 299
146 476
146 331
146 434
146 419
146 451
146 378
146 422
146 391
146 400
146 241
147 412
147 363
147 243
147 263
147 325
147 217
147 392
148 210
148 343
148 444
148 378
148 258
149 499
149 346
149 315
150 415
150 250
151 178
151 474
151 262
151 390
151 190
151 211
151 240
151 288
151 440
151 368
151 357
151 309
152 164
152 421
152 180
153 205
153 373
153 261
153 461
153 250
154 287
154 300
154 421
154 498
154 159
154 338
154 218
154 192
154 473
154 382
154 162
154 497
155 291
155 447
156 434
156 392
156 221
156 319
156 387
156 316
157 388
157 289
157 210
157 359
157 496
158 489
158 414
158 305
158 223
158 390
158 270
158 276
158 449
158 165
158 366
159 166
159 410
159 422
159 454
160 255
160 452
160 483
160 221
160 234
160 264
160 228
160 211
160 238
161 440
161 477
161 486
162 452
162 395
162 180
162 346
162 326
162 183
162 182
162 274
163 458
163 244
163 236
163 332
163 200
163 396
163 457
163 361
164 200
164 476
164 472
164 485
164 471
164 376
164 367
164 235
164 494
164 312
164 413
164 243
164 198
165 463
165 412
165 288
165 361
165 256
165 217
166 294
166 256
166 388
166 406
166 473
167 415
167 290
167 466
167 184
167 461
168 448
168 316
168 183
169 419
169 183
170 381
170 352
170 243
170 440
170 171
170 418
171 417
171 326
171 233
171 241
172 492
172 339
172 451
172 250
172 455
173 322
173 239
173 181
173 281
174 348
174 280
174 467
174 316
175 223
175 385
175 333
175 410
176 203
176 209
176 214
176 211
177 363
177 277
177 319
178 274
178 412
179 233
179 266
179 498
179 384
179 390
180 185
180 478
180 243
180 446
180 227
180 377
180 365
181 371
181 346
181 342
181 480
181 398
181 489
181 416
181 488
182 387
182 198
182 380
182 327
182 237
182 328
182 223
183 414
183 403
183 286
183 443
183 368
183 242
183 483
183 304
184 287
184 303
185 247
187 464
187 279
187 208
187 253
187 217
187 281
187 376
188 293
188 313
188 328
188 407
188 454
188 315
188 233
189 245
189 379
189 492
189 253
190 471
190 425
190 355
190 247
190 280
191 221
191 256
191 437
191 229
191 379
192 312
193 366
193 334
194 212
194 429
194 335
194 322
194 239
194 299
194 376
194 383
194 483
195 346
195 410
195 451
196 336
196 471
196 492
196 442
196 381
197 300
197 432
197 333
197 360
197 255
197 398
197 310
199 415
199 384
199 465
199 433
199 363
199 305
199 343
199 410
200 395
200 247
200 357
201 297
201 433
201 459
201 236
202 412
202 388
202 280
203 480
203 324
203 240
203 329
203 477
203 449
204 410
204 499
204 456
206 214
206 337
207 451
207 473
207 397
208 284
208 293
209 230
209 463
210 409
210 372
210 446
210 310
211 300
211 312
211 481
211 273
211 349
213 222
213 252
213 244
214 489
214 420
214 414
214 333
214 410
214 476
214 455
214 347
215 424
215 466
215 391
215 444
215 359
215 280
216 356
216 242
216 224
217 285
217 485
217 284
218 432
218 253
219 370
220 249
220 370
220 270
221 457
221 319
221 431
222 287
222 477
222 265
222 440
222 334
222 351
222 318
222 482
222 233
223 470
223 320
223 398
224 432
225 402
225 333
225 370
225 375
225 244
225 481
225 309
226 295
227 240
227 450
227 310
227 339
227 491
227 441
228 373
228 366
228 235
228 440
228 252
229 432
229 263
229 451
229 456
230 264
230 399
230 473
231 357
231 413
232 284
232 257
232 310
233 257
233 237
233 498
234 396
235 403
235 282
235 353
235 447
235 241
236 416
237 474
237 266
237 357
238 263
238 262
239 417
240 241
240 497
241 296
241 482
241 244
241 436
241 440
241 362
241 489
241 484
242 271
242 373
242 294
242 367
242 452
243 437
243 448
243 433
244 313
245 302
245 374
245 420
245 351
245 439
246 487
246 499
246 317
246 263
246 417
247 321
247 405
247 384
247 349
247 287
247 388
247 379
247 424
248 260
248 376
248 368
248 456
249 377
249 344
249 364
250 387
250 396
250 368
250 385
250 358
251 280
251 440
251 418
252 367
252 474
252 333
252 378
252 411
253 341
254 425
254 438
254 365
254 387
254 449
255 317
255 477
255 470
255 319
256 451
256 466
256 268
256 407
256 298
257 443
257 406
258 263
258 306
259 348
259 404
259 282
259 498
260 377
261 394
262 330
263 299
263 485
263 328
263 494
264 395
264 362
264 381
264 468
264 320
264 350
264 435
264 438
265 306
265 340
265 387
265 326
266 427
266 282
267 324
267 417
267 306
267 466
267 488
268 443
268 327
268 494
268 418
269 371
269 430
270 427
270 379
270 295
270 405
270 478
270 438
271 474
271 469
271 337
271 309
272 297
272 294
272 450
272 316
273 321
273 466
274 368
274 432
274 429
274 283
275 325
275 350
275 307
276 387
277 441
277 334
278 389
278 425
278 325
279 330
279 495
279 346
279 325
279 438
280 361
280 319
280 298
280 467
280 332
280 364
281 349
281 419
281 407
282 462
282 292
283 495
283 407
283 420
283 373
284 392
284 488
284 300
284 415
285 286
286 439
287 345
287 344
288 418
288 313
288 348
288 397
289 307
290 352
290 343
290 496
291 361
291 355
291 477
291 444
292 361
292 296
293 324
293 484
293 325
293 334
294 427
294 493
295 350
295 453
296 453
296 471
296 325
298 368
298 375
298 378
299 339
299 413
300 346
301 348
301 386
302 306
302 326
302 379
303 367
303 431
303 473
304 325
304 483
304 413
304 456
304 422
304 406
305 349
305 346
306 489
306 429
306 428
306 378
306 376
306 320
307 324
307 395
308 489
309 387
309 320
309 318
309 410
309 406
309 341
309 453
310 346
310 491
310 458
311 492
311 455
311 380
311 397
311 342
312 479
312 328
312 427
312 474
313 421
313 440
313 398
314 315
315 466
315 360
315 459
316 372
317 423
317 461
318 443
318 362
318 464
319 423
319 493
319 401
320 473
320 440
321 414
321 375
321 433
322 368
324 428
324 487
324 371
325 345
325 408
325 421
325 406
326 447
327 441
327 434
327 459
327 365
328 413
328 382
329 459
329 443
329 438
330 361
331 371
331 436
331 423
331 451
331 337
332 476
332 461
333 353
333 489
333 371
333 420
333 450
335 350
335 483
335 418
336 430
336 488
336 352
336 447
337 469
339 342
339 373
340 476
341 371
343 485
346 472
346 469
348 409
349 455
349 476
349 486
349 409
349 358
349 365
349 446
349 432
349 426
349 497
351 425
351 469
352 381
352 499
354 387
354 368
355 382
356 452
357 489
358 415
358 393
359 367
359 398
360 394
360 423
360 379
361 482
361 427
361 457
361 454
362 382
363 491
363 413
363 472
364 428
367 492
367 478
368 398
368 392
369 431
369 435
370 412
370 468
371 440
371 461
372 417
372 438
372 465
373 416
374 416
374 429
374 443
374 381
375 468
377 413
378 475
379 449
380 481
380 485
381 440
382 432
382 440
382 415
382 453
383 492
383 432
383 478
384 423
384 400
385 451
386 474
387 441
387 439
387 495
387 464
389 415
389 470
390 395
391 419
391 483
392 483
394 421
394 402
394 496
395 458
396 450
397 409
397 488
398 445
399 415
400 426
401 443
402 497
402 475
402 405
402 425
404 423
404 443
405 495
405 497
407 410
408 432
408 471
408 481
409 461
410 425
410 439
410 412
411 423
412 498
412 499
412 424
413 482
414 450
415 436
415 433
416 476
417 455
418 461
418 490
418 488
419 441
420 499
420 454
421 484
421 458
421 438
422 486
422 497
423 455
424 442
425 463
425 458
425 497
427 447
427 497
427 443
427 453
428 462
429 453
431 440
432 496
432 478
433 457
435 483
438 444
438 489
440 497
442 476
443 486
446 455
447 487
449 452
450 479
450 489
453 462
455 498
456 488
459 477
461 498
462 469
465 474
465 483
469 483
474 489
476 499
478 497
493 495
